17
80
0 0 9e-005 44 3 614 clown1.jpg
1 0.00285714 9e-005 10000 20 138 clown2.jpg
2 0.00685714 9e-005 244 177 280 clown3.jpg
3 0.00685714 9e-005 244 686 268 clown3.jpg
4 0.00685714 9e-005 244 693 539 clown3.jpg
5 0.00142857 9e-005 44 296 617 clown1.jpg
6 0.00285714 9e-005 10000 353 23 clown2.jpg
7 0.00685714 9e-005 0 621 331 clown3.jpg
8 0.00314286 9e-005 2428 688 104 clown3.jpg
9 0.00685714 9e-005 3142 687 139 clown3.jpg
10 0 9e-005 44 3 508 clown1.jpg
11 0.00285714 9e-005 10000 54 3 clown2.jpg
12 0.00685714 9e-005 244 534 603 clown3.jpg
13 0.00685714 9e-005 244 688 198 clown3.jpg
14 0.00685714 9e-005 244 642 3 clown3.jpg
15 0 9e-005 3714 286 489 clown1.jpg
16 0.00685714 9e-005 244 483 375 clown3.jpg
6 11 1 0
7 11 6 0
8 11 14 0
9 6 1 0
10 6 11 0
11 6 14 0
12 14 1 0
13 14 6 0
14 14 11 0
15 1 6 0
16 1 11 0
17 1 14 0
26 8 3 0
27 8 9 0
28 8 13 0
29 9 3 0
30 9 8 0
31 9 13 0
32 13 3 0
33 13 8 0
34 13 9 0
35 3 8 0
36 3 9 0
37 3 13 0
47 4 7 0
48 4 12 0
50 12 4 0
51 12 7 0
57 7 12 0
66 10 0 0
67 10 5 0
68 10 15 0
69 15 0 0
70 15 5 0
71 15 10 0
72 5 0 0
73 5 10 0
74 5 15 0
75 0 5 0
76 0 10 0
77 0 15 0
78 0 2 0
79 1 2 0
80 3 2 0
81 4 2 0
82 5 2 0
83 6 2 0
84 7 2 0
85 8 2 0
86 9 2 0
87 10 2 0
88 11 2 0
89 12 2 0
90 13 2 0
91 14 2 0
92 15 2 0
93 2 0 0
94 2 1 0
95 2 3 0
96 2 4 0
97 2 5 0
98 2 6 0
99 2 7 0
100 2 8 0
101 2 9 0
102 2 10 0
103 2 11 0
104 2 12 0
105 2 13 0
106 2 14 0
107 2 15 0
108 2 16 0
109 16 2 0
110 16 4 0
111 16 7 0
112 16 12 0
113 4 16 0
114 7 16 0
115 12 16 0
116 7 4 0
