12
15
0 0.0134286 9e-005 4769 614 614 plant.jpg
1 0.0128571 9e-005 6900 607 419 grasshopper.jpg
2 0.008 9e-005 7830 339 604 rabbit.jpg
3 0.002 9e-005 7682 105 598 tree.jpg
4 0.00771429 9e-005 10000 344 439 deer.jpg
5 0.00257143 9e-005 10 683 253 mouse.jpg
6 0.00257143 9e-005 230 3 391 snail.jpg
7 0.00342857 9e-005 278 594 46 eagle.jpg
8 0.00171429 9e-005 1525 411 265 fox.jpg
9 0.00314286 9e-005 147 358 49 owl.jpg
10 0.00114286 9e-005 1710 3 33 sparrow.jpg
11 0.00228571 9e-005 1174 153 252 squirrel.jpg
1 0 1 50
2 0 2 31.25
3 0 4 50
5 1 5 0
6 5 7 0
7 5 9 0
8 5 8 34.375
9 3 6 0
10 3 11 0
11 3 4 25
12 11 7 0
13 11 8 0
14 11 9 0
15 6 10 0
16 10 9 0
