10
19
0 0.0134286 9e-005 4769 651 3 shark.jpg
1 0.0128571 9e-005 6900 310 37 tuna.jpg
2 0.008 9e-005 7830 33 139 herring.jpg
3 0.002 9e-005 7682 583 137 squid.jpg
4 0.00771429 9e-005 10000 695 277 anchovy.jpg
5 0.00257143 9e-005 10 582 454 copepod.jpg
6 0.00257143 9e-005 7428 677 617 dinoflagellate.jpg
7 0.00342857 9e-005 278 228 289 fishlarvae.jpg
8 0.00171429 9e-005 1525 31 437 conch.jpg
9 0.00314286 9e-005 147 206 616 diatom.jpg
1 9 8 50
2 8 7 50
3 7 2 50
4 2 1 50
5 1 0 50
6 6 5 50
7 5 4 50
8 4 3 50
9 3 1 50
10 7 3 50
11 5 7 50
12 6 8 50
13 6 4 50
14 6 7 50
15 9 4 50
16 9 5 50
17 9 7 50
18 8 2 50
19 4 1 50
